900.0  3.2  500.0
800.0  1.4  600.0
2300.0  3.1  1300.0
900.0  4.9  300.0
900.0  3.6  500.0
1700.0  1.9  1100.0
2800.0  4.8  800.0
2400.0  1.3  1600.0
2200.0  1.8  1500.0
600.0  3.9  300.0
1300.0  1.6  900.0
2800.0  4.6  900.0
2700.0  2.1  1800.0
2700.0  2.9  1600.0
1900.0  4.3  700.0
1000.0  4.2  400.0
1000.0  3.7  500.0
2300.0  1.7  1600.0
2900.0  4.2  1100.0
2100.0  2.2  1300.0
1900.0  2.0  1300.0
1900.0  1.1  1400.0
1100.0  0.6  800.0
2600.0  5.1  600.0
2400.0  5.1  700.0
2000.0  2.4  1200.0
1600.0  4.0  700.0
1900.0  3.9  900.0
1400.0  1.1  1000.0
3000.0  1.5  2100.0
1400.0  5.0  300.0
3000.0  5.0  700.0
600.0  2.4  300.0
2400.0  1.8  1700.0
1600.0  3.5  900.0
2100.0  3.6  1100.0
1200.0  0.6  1000.0
2800.0  4.6  1000.0
1100.0  3.1  700.0
1400.0  5.0  400.0
1300.0  1.1  1000.0
500.0  5.2  200.0
2100.0  5.1  400.0
2500.0  1.0  1800.0
2000.0  2.6  1300.0
1500.0  2.1  1000.0
800.0  4.7  200.0
700.0  5.2  100.0
2900.0  4.1  1200.0
1800.0  3.9  800.0
800.0  3.7  300.0
1200.0  2.1  800.0
1000.0  4.2  400.0
1300.0  1.3  900.0
2700.0  4.3  1000.0
1800.0  1.0  1200.0
1000.0  5.3  100.0
800.0  3.5  400.0
700.0  5.0  200.0
2600.0  1.5  1900.0
3000.0  5.4  500.0
2800.0  1.7  1900.0
1600.0  1.6  1000.0
2800.0  2.5  1800.0
1800.0  4.4  600.0
1700.0  4.7  600.0
900.0  2.5  600.0
800.0  2.5  500.0
2100.0  4.4  700.0
1200.0  1.7  800.0
1700.0  4.8  600.0
1000.0  3.9  500.0
500.0  5.4  100.0
2400.0  1.4  1700.0
1500.0  1.6  1000.0
500.0  2.1  400.0
2200.0  4.3  900.0
1100.0  2.3  600.0
2200.0  3.5  1100.0
1100.0  2.4  800.0
1200.0  3.3  700.0
800.0  2.4  500.0
1400.0  3.8  700.0
2300.0  0.6  1700.0
2700.0  4.6  1000.0
2300.0  2.2  1400.0
1100.0  4.1  400.0
1700.0  5.3  300.0
2800.0  3.0  1600.0
2100.0  3.8  1000.0
1100.0  2.6  700.0
2100.0  4.7  700.0
2200.0  3.8  1000.0
1500.0  3.0  900.0
1000.0  2.3  700.0
1200.0  3.9  500.0
2200.0  1.0  1600.0
2000.0  0.7  1500.0
1100.0  4.8  400.0
600.0  3.8  300.0
